beats[1.7000e-01 5.5000e-01 9.7000e-01 1.3700e+00 1.7700e+00 2.1700e+00
 2.5700e+00 2.9700e+00 3.3600e+00 3.7500e+00 4.1600e+00 4.5600e+00
 4.9500e+00 5.3700e+00 5.7600e+00 6.1700e+00 6.5600e+00 6.9700e+00
 7.3700e+00 7.7700e+00 8.1700e+00 8.6000e+00 9.0000e+00 9.4100e+00
 9.8000e+00 1.0200e+01 1.0590e+01 1.0990e+01 1.1390e+01 1.1800e+01
 1.2200e+01 1.2570e+01 1.2960e+01 1.3380e+01 1.3770e+01 1.4180e+01
 1.4580e+01 1.4980e+01 1.5380e+01 1.5770e+01 1.6160e+01 1.6560e+01
 1.6980e+01 1.7360e+01 1.7770e+01 1.8190e+01 1.8600e+01 1.9000e+01
 1.9410e+01 1.9810e+01 2.0200e+01 2.0610e+01 2.1000e+01 2.1410e+01
 2.1810e+01 2.2200e+01 2.2600e+01 2.3000e+01 2.3400e+01 2.3790e+01
 2.4190e+01 2.4590e+01 2.5010e+01 2.5390e+01 2.5810e+01 2.6210e+01
 2.6590e+01 2.6990e+01 2.7410e+01 2.7810e+01 2.8190e+01 2.8590e+01
 2.9010e+01 2.9410e+01 2.9790e+01 3.0190e+01 3.0590e+01 3.1010e+01
 3.1400e+01 3.1790e+01 3.2190e+01 3.2610e+01 3.3010e+01 3.3400e+01
 3.3810e+01 3.4190e+01 3.4600e+01 3.5010e+01 3.5410e+01 3.5810e+01
 3.6190e+01 3.6590e+01 3.7010e+01 3.7410e+01 3.7800e+01 3.8190e+01
 3.8600e+01 3.8990e+01 3.9390e+01 3.9800e+01 4.0190e+01 4.0590e+01
 4.0990e+01 4.1400e+01 4.1810e+01 4.2190e+01 4.2590e+01 4.3010e+01
 4.3390e+01 4.3810e+01 4.4210e+01 4.4610e+01 4.4990e+01 4.5410e+01
 4.5790e+01 4.6190e+01 4.6590e+01 4.7010e+01 4.7410e+01 4.7790e+01
 4.8200e+01 4.8590e+01 4.9000e+01 4.9390e+01 4.9810e+01 5.0210e+01
 5.0610e+01 5.0990e+01 5.1390e+01 5.1810e+01 5.2210e+01 5.2600e+01
 5.3010e+01 5.3400e+01 5.3790e+01 5.4200e+01 5.4590e+01 5.5010e+01
 5.5390e+01 5.5810e+01 5.6190e+01 5.6610e+01 5.7010e+01 5.7390e+01
 5.7810e+01 5.8210e+01 5.8600e+01 5.8980e+01 5.9390e+01 5.9760e+01
 6.0160e+01 6.0580e+01 6.0980e+01 6.1380e+01 6.1770e+01 6.2180e+01
 6.2580e+01 6.2970e+01 6.3380e+01 6.3770e+01 6.4160e+01 6.4560e+01
 6.4960e+01 6.5370e+01 6.5760e+01 6.6160e+01 6.6580e+01 6.6970e+01
 6.7360e+01 6.7770e+01 6.8160e+01 6.8580e+01 6.9000e+01 6.9400e+01
 6.9780e+01 7.0190e+01 7.0590e+01 7.1000e+01 7.1380e+01 7.1780e+01
 7.2180e+01 7.2580e+01 7.3000e+01 7.3400e+01 7.3790e+01 7.4200e+01
 7.4600e+01 7.4980e+01 7.5400e+01 7.5780e+01 7.6180e+01 7.6590e+01
 7.7000e+01 7.7400e+01 7.7790e+01 7.8180e+01 7.8580e+01 7.8990e+01
 7.9380e+01 7.9800e+01 8.0200e+01 8.0590e+01 8.0980e+01 8.1390e+01
 8.1760e+01 8.2170e+01 8.2560e+01 8.2940e+01 8.3330e+01 8.3740e+01
 8.4170e+01 8.4560e+01 8.4980e+01 8.5390e+01 8.5800e+01 8.6200e+01
 8.6600e+01 8.7010e+01 8.7410e+01 8.7810e+01 8.8210e+01 8.8610e+01
 8.9010e+01 8.9410e+01 8.9790e+01 9.0190e+01 9.0590e+01 9.1010e+01
 9.1390e+01 9.1800e+01 9.2190e+01 9.2610e+01 9.3000e+01 9.3410e+01
 9.3810e+01 9.4190e+01 9.4600e+01 9.5010e+01 9.5410e+01 9.5810e+01
 9.6190e+01 9.6590e+01 9.7000e+01 9.7400e+01 9.7810e+01 9.8200e+01
 9.8610e+01 9.9010e+01 9.9410e+01 9.9810e+01 1.0020e+02 1.0059e+02
 1.0101e+02 1.0139e+02 1.0181e+02 1.0221e+02 1.0261e+02 1.0300e+02
 1.0338e+02 1.0379e+02 1.0419e+02 1.0459e+02 1.0498e+02 1.0539e+02
 1.0578e+02 1.0619e+02 1.0658e+02 1.0698e+02 1.0737e+02 1.0777e+02
 1.0817e+02 1.0857e+02 1.0897e+02 1.0937e+02 1.0979e+02 1.1018e+02
 1.1057e+02 1.1099e+02 1.1137e+02 1.1179e+02 1.1218e+02 1.1257e+02
 1.1299e+02 1.1339e+02 1.1379e+02 1.1420e+02 1.1460e+02 1.1500e+02
 1.1540e+02 1.1580e+02 1.1621e+02 1.1662e+02 1.1701e+02 1.1742e+02
 1.1782e+02 1.1822e+02 1.1860e+02 1.1902e+02 1.1941e+02 1.1982e+02
 1.2020e+02 1.2061e+02 1.2100e+02 1.2138e+02 1.2177e+02 1.2215e+02
 1.2255e+02 1.2298e+02 1.2339e+02 1.2378e+02 1.2418e+02 1.2460e+02
 1.2498e+02 1.2538e+02 1.2578e+02 1.2619e+02 1.2658e+02 1.2700e+02
 1.2740e+02 1.2779e+02 1.2818e+02 1.2858e+02 1.2898e+02 1.2938e+02
 1.2978e+02 1.3020e+02 1.3060e+02 1.3099e+02 1.3140e+02 1.3180e+02
 1.3220e+02 1.3258e+02 1.3299e+02 1.3340e+02 1.3380e+02 1.3420e+02
 1.3460e+02 1.3500e+02 1.3539e+02 1.3580e+02 1.3619e+02 1.3659e+02
 1.3699e+02 1.3738e+02 1.3779e+02 1.3819e+02 1.3859e+02 1.3898e+02
 1.3940e+02 1.3980e+02 1.4020e+02 1.4058e+02 1.4099e+02 1.4140e+02
 1.4180e+02 1.4218e+02 1.4259e+02 1.4300e+02 1.4337e+02 1.4378e+02
 1.4416e+02 1.4457e+02 1.4498e+02 1.4536e+02 1.4577e+02 1.4616e+02
 1.4656e+02 1.4697e+02 1.4738e+02 1.4778e+02 1.4817e+02 1.4856e+02
 1.4898e+02 1.4938e+02 1.4976e+02 1.5016e+02 1.5057e+02 1.5098e+02
 1.5141e+02 1.5179e+02 1.5219e+02 1.5259e+02 1.5299e+02 1.5340e+02
 1.5381e+02 1.5420e+02 1.5460e+02 1.5500e+02 1.5541e+02 1.5581e+02
 1.5621e+02 1.5661e+02 1.5700e+02 1.5741e+02 1.5781e+02 1.5818e+02
 1.5858e+02 1.5898e+02 1.5939e+02 1.5977e+02 1.6017e+02 1.6059e+02
 1.6099e+02 1.6137e+02 1.6178e+02 1.6217e+02 1.6257e+02 1.6297e+02
 1.6339e+02 1.6379e+02 1.6419e+02 1.6457e+02 1.6499e+02 1.6539e+02
 1.6577e+02 1.6619e+02 1.6659e+02 1.6699e+02 1.6737e+02 1.6779e+02
 1.6819e+02 1.6857e+02 1.6898e+02 1.6937e+02 1.6979e+02 1.7019e+02
 1.7059e+02 1.7097e+02 1.7139e+02 1.7177e+02 1.7217e+02 1.7258e+02
 1.7299e+02 1.7339e+02 1.7379e+02 1.7418e+02 1.7457e+02 1.7497e+02
 1.7537e+02 1.7577e+02 1.7619e+02 1.7659e+02 1.7699e+02 1.7739e+02
 1.7779e+02 1.7819e+02 1.7858e+02 1.7899e+02 1.7939e+02 1.7977e+02
 1.8019e+02 1.8058e+02 1.8099e+02 1.8138e+02 1.8179e+02 1.8219e+02
 1.8259e+02 1.8299e+02 1.8339e+02 1.8378e+02 1.8419e+02 1.8457e+02
 1.8497e+02 1.8537e+02 1.8577e+02 1.8619e+02 1.8659e+02 1.8697e+02
 1.8739e+02 1.8779e+02 1.8818e+02 1.8859e+02 1.8899e+02 1.8938e+02
 1.8979e+02 1.9018e+02 1.9057e+02 1.9099e+02 1.9138e+02 1.9177e+02
 1.9219e+02 1.9257e+02 1.9297e+02 1.9339e+02 1.9378e+02 1.9416e+02
 1.9455e+02 1.9493e+02 1.9534e+02 1.9577e+02 1.9618e+02 1.9659e+02
 1.9700e+02 1.9739e+02 1.9779e+02 1.9818e+02 1.9859e+02 1.9900e+02
 1.9940e+02 1.9980e+02 2.0018e+02 2.0060e+02 2.0100e+02 2.0138e+02
 2.0180e+02 2.0218e+02 2.0260e+02 2.0299e+02 2.0340e+02 2.0380e+02
 2.0420e+02 2.0458e+02 2.0498e+02 2.0540e+02 2.0579e+02 2.0618e+02
 2.0658e+02 2.0696e+02 2.0737e+02 2.0777e+02 2.0818e+02 2.0856e+02
 2.0897e+02 2.0938e+02 2.0977e+02 2.1018e+02 2.1058e+02 2.1098e+02
 2.1137e+02 2.1179e+02 2.1219e+02 2.1261e+02 2.1300e+02 2.1340e+02
 2.1382e+02 2.1420e+02 2.1460e+02 2.1501e+02 2.1540e+02 2.1582e+02
 2.1621e+02 2.1662e+02 2.1702e+02 2.1740e+02 2.1780e+02 2.1820e+02
 2.1860e+02 2.1901e+02 2.1940e+02 2.1980e+02 2.2018e+02 2.2058e+02
 2.2100e+02 2.2139e+02 2.2179e+02 2.2220e+02 2.2260e+02 2.2300e+02
 2.2339e+02 2.2379e+02 2.2418e+02 2.2458e+02 2.2499e+02 2.2539e+02
 2.2578e+02 2.2620e+02 2.2658e+02 2.2698e+02 2.2738e+02 2.2780e+02
 2.2820e+02 2.2860e+02 2.2900e+02 2.2939e+02 2.2979e+02 2.3020e+02
 2.3058e+02 2.3099e+02 2.3139e+02 2.3180e+02 2.3220e+02 2.3259e+02
 2.3299e+02 2.3340e+02 2.3380e+02 2.3418e+02 2.3458e+02 2.3500e+02
 2.3538e+02 2.3580e+02 2.3620e+02 2.3659e+02 2.3700e+02 2.3740e+02
 2.3779e+02 2.3820e+02 2.3859e+02 2.3900e+02 2.3940e+02 2.3977e+02
 2.4019e+02 2.4057e+02 2.4099e+02 2.4138e+02 2.4177e+02 2.4219e+02
 2.4259e+02 2.4297e+02 2.4337e+02 2.4377e+02 2.4418e+02 2.4457e+02
 2.4497e+02 2.4539e+02 2.4579e+02 2.4618e+02 2.4659e+02 2.4699e+02
 2.4737e+02 2.4778e+02 2.4817e+02 2.4859e+02 2.4900e+02 2.4942e+02
 2.4983e+02 2.5023e+02 2.5065e+02 2.5104e+02 2.5147e+02 2.5188e+02
 2.5229e+02 2.5269e+02 2.5309e+02 2.5346e+02 2.5385e+02 2.5425e+02
 2.5463e+02 2.5504e+02 2.5541e+02 2.5580e+02 2.5619e+02 2.5660e+02
 2.5699e+02 2.5737e+02 2.5778e+02 2.5816e+02 2.5856e+02 2.5898e+02
 2.5936e+02 2.5976e+02 2.6018e+02 2.6058e+02 2.6098e+02 2.6138e+02
 2.6176e+02 2.6218e+02 2.6258e+02 2.6296e+02 2.6338e+02 2.6377e+02
 2.6417e+02 2.6456e+02 2.6497e+02 2.6537e+02 2.6576e+02 2.6616e+02
 2.6657e+02 2.6697e+02 2.6738e+02 2.6779e+02 2.6820e+02 2.6861e+02
 2.6901e+02 2.6941e+02 2.6980e+02 2.7020e+02 2.7060e+02 2.7100e+02
 2.7139e+02 2.7180e+02 2.7219e+02 2.7261e+02 2.7301e+02 2.7341e+02
 2.7380e+02 2.7419e+02 2.7459e+02 2.7499e+02 2.7539e+02 2.7579e+02
 2.7620e+02 2.7661e+02 2.7701e+02 2.7740e+02 2.7778e+02 2.7814e+02
 2.7854e+02 2.7890e+02 2.7929e+02 2.7967e+02 2.8005e+02 2.8044e+02
 2.8082e+02 2.8122e+02 2.8163e+02 2.8201e+02 2.8241e+02 2.8283e+02
 2.8323e+02 2.8363e+02 2.8403e+02 2.8441e+02 2.8483e+02 2.8521e+02
 2.8561e+02 2.8603e+02 2.8643e+02 2.8682e+02 2.8723e+02 2.8762e+02
 2.8802e+02 2.8841e+02 2.8883e+02 2.8921e+02 2.8963e+02 2.9001e+02
 2.9043e+02 2.9082e+02 2.9121e+02 2.9161e+02 2.9201e+02 2.9243e+02
 2.9283e+02 2.9323e+02 2.9363e+02]
downbeats[1.7000e-01 1.7700e+00 3.3600e+00 4.9500e+00 6.5600e+00 8.1700e+00
 9.8000e+00 1.1390e+01 1.2960e+01 1.4580e+01 1.6160e+01 1.7770e+01
 1.9410e+01 2.1000e+01 2.2600e+01 2.4190e+01 2.5810e+01 2.7410e+01
 2.9010e+01 3.0590e+01 3.2190e+01 3.3810e+01 3.5410e+01 3.7010e+01
 3.8600e+01 4.0190e+01 4.1810e+01 4.3390e+01 4.4990e+01 4.6590e+01
 4.8200e+01 4.9810e+01 5.1390e+01 5.3010e+01 5.4590e+01 5.6190e+01
 5.7810e+01 5.9390e+01 6.0980e+01 6.2580e+01 6.4160e+01 6.5760e+01
 6.7360e+01 6.9000e+01 7.0590e+01 7.2180e+01 7.3790e+01 7.5400e+01
 7.7000e+01 7.8580e+01 8.0200e+01 8.1760e+01 8.3330e+01 8.4980e+01
 8.6600e+01 8.8210e+01 8.9790e+01 9.1390e+01 9.3000e+01 9.4600e+01
 9.6190e+01 9.7810e+01 9.9410e+01 1.0101e+02 1.0261e+02 1.0419e+02
 1.0578e+02 1.0737e+02 1.0897e+02 1.1057e+02 1.1218e+02 1.1379e+02
 1.1540e+02 1.1701e+02 1.1860e+02 1.2020e+02 1.2177e+02 1.2339e+02
 1.2498e+02 1.2658e+02 1.2818e+02 1.2978e+02 1.3140e+02 1.3299e+02
 1.3460e+02 1.3619e+02 1.3779e+02 1.3940e+02 1.4099e+02 1.4259e+02
 1.4416e+02 1.4577e+02 1.4738e+02 1.4898e+02 1.5057e+02 1.5219e+02
 1.5381e+02 1.5541e+02 1.5700e+02 1.5858e+02 1.6017e+02 1.6178e+02
 1.6339e+02 1.6499e+02 1.6659e+02 1.6819e+02 1.6979e+02 1.7139e+02
 1.7299e+02 1.7457e+02 1.7619e+02 1.7779e+02 1.7939e+02 1.8099e+02
 1.8259e+02 1.8419e+02 1.8577e+02 1.8739e+02 1.8899e+02 1.9057e+02
 1.9219e+02 1.9378e+02 1.9534e+02 1.9700e+02 1.9859e+02 2.0018e+02
 2.0180e+02 2.0340e+02 2.0498e+02 2.0658e+02 2.0818e+02 2.0977e+02
 2.1137e+02 2.1300e+02 2.1460e+02 2.1621e+02 2.1780e+02 2.1940e+02
 2.2100e+02 2.2260e+02 2.2418e+02 2.2578e+02 2.2738e+02 2.2900e+02
 2.3058e+02 2.3220e+02 2.3380e+02 2.3538e+02 2.3700e+02 2.3859e+02
 2.4019e+02 2.4177e+02 2.4337e+02 2.4497e+02 2.4659e+02 2.4817e+02
 2.4983e+02 2.5147e+02 2.5309e+02 2.5463e+02 2.5619e+02 2.5778e+02
 2.5936e+02 2.6098e+02 2.6258e+02 2.6417e+02 2.6576e+02 2.6738e+02
 2.6901e+02 2.7060e+02 2.7219e+02 2.7380e+02 2.7539e+02 2.7701e+02
 2.7854e+02 2.8005e+02 2.8163e+02 2.8323e+02 2.8483e+02 2.8643e+02
 2.8802e+02 2.8963e+02 2.9121e+02 2.9283e+02]