beats[1.8000e-01 6.7000e-01 1.1800e+00 1.6900e+00 2.2100e+00 2.7200e+00
 3.2300e+00 3.7300e+00 4.2500e+00 4.7600e+00 5.2600e+00 5.7600e+00
 6.2900e+00 6.8000e+00 7.3100e+00 7.8200e+00 8.3400e+00 8.8400e+00
 9.3500e+00 9.8600e+00 1.0370e+01 1.0880e+01 1.1390e+01 1.1890e+01
 1.2420e+01 1.2930e+01 1.3440e+01 1.3950e+01 1.4460e+01 1.4970e+01
 1.5480e+01 1.5990e+01 1.6500e+01 1.7020e+01 1.7520e+01 1.8020e+01
 1.8550e+01 1.9060e+01 1.9570e+01 2.0080e+01 2.0590e+01 2.1100e+01
 2.1610e+01 2.2110e+01 2.2630e+01 2.3140e+01 2.3650e+01 2.4160e+01
 2.4650e+01 2.5160e+01 2.5690e+01 2.6200e+01 2.6720e+01 2.7230e+01
 2.7730e+01 2.8240e+01 2.8750e+01 2.9270e+01 2.9770e+01 3.0290e+01
 3.0800e+01 3.1300e+01 3.1830e+01 3.2340e+01 3.2850e+01 3.3360e+01
 3.3860e+01 3.4380e+01 3.4890e+01 3.5400e+01 3.5900e+01 3.6430e+01
 3.6940e+01 3.7430e+01 3.7960e+01 3.8470e+01 3.8980e+01 3.9490e+01
 3.9980e+01 4.0500e+01 4.1030e+01 4.1530e+01 4.2050e+01 4.2560e+01
 4.3070e+01 4.3570e+01 4.4090e+01 4.4580e+01 4.5110e+01 4.5620e+01
 4.6120e+01 4.6640e+01 4.7150e+01 4.7660e+01 4.8180e+01 4.8690e+01
 4.9200e+01 4.9700e+01 5.0200e+01 5.0700e+01 5.1240e+01 5.1730e+01
 5.2250e+01 5.2760e+01 5.3280e+01 5.3780e+01 5.4300e+01 5.4800e+01
 5.5330e+01 5.5830e+01 5.6340e+01 5.6850e+01 5.7370e+01 5.7890e+01
 5.8380e+01 5.8900e+01 5.9400e+01 5.9920e+01 6.0440e+01 6.0930e+01
 6.1460e+01 6.1950e+01 6.2470e+01 6.2980e+01 6.3500e+01 6.4010e+01
 6.4520e+01 6.5030e+01 6.5540e+01 6.6030e+01 6.6550e+01 6.7050e+01
 6.7580e+01 6.8100e+01 6.8600e+01 6.9090e+01 6.9620e+01 7.0130e+01
 7.0650e+01 7.1140e+01 7.1650e+01 7.2160e+01 7.2690e+01 7.3170e+01
 7.3690e+01 7.4220e+01 7.4720e+01 7.5220e+01 7.5750e+01 7.6240e+01
 7.6760e+01 7.7270e+01 7.7780e+01 7.8300e+01 7.8810e+01 7.9320e+01
 7.9820e+01 8.0350e+01 8.0860e+01 8.1370e+01 8.1890e+01 8.2390e+01
 8.2900e+01 8.3410e+01 8.3930e+01 8.4430e+01 8.4960e+01 8.5460e+01
 8.5980e+01 8.6490e+01 8.6990e+01 8.7500e+01 8.8020e+01 8.8520e+01
 8.9010e+01 8.9540e+01 9.0060e+01 9.0570e+01 9.1080e+01 9.1590e+01
 9.2110e+01 9.2610e+01 9.3130e+01 9.3630e+01 9.4150e+01 9.4660e+01
 9.5180e+01 9.5690e+01 9.6190e+01 9.6680e+01 9.7210e+01 9.7710e+01
 9.8230e+01 9.8750e+01 9.9240e+01 9.9760e+01 1.0026e+02 1.0079e+02
 1.0128e+02 1.0181e+02 1.0233e+02 1.0285e+02 1.0333e+02 1.0387e+02
 1.0436e+02 1.0489e+02 1.0538e+02 1.0588e+02 1.0641e+02 1.0691e+02
 1.0741e+02 1.0793e+02 1.0845e+02 1.0894e+02 1.0945e+02 1.0997e+02
 1.1049e+02 1.1099e+02 1.1151e+02 1.1200e+02 1.1254e+02 1.1305e+02
 1.1356e+02 1.1404e+02 1.1458e+02 1.1509e+02 1.1560e+02 1.1611e+02
 1.1663e+02 1.1713e+02 1.1765e+02 1.1815e+02 1.1867e+02 1.1920e+02
 1.1969e+02 1.2020e+02 1.2073e+02 1.2122e+02 1.2172e+02 1.2223e+02
 1.2274e+02 1.2325e+02 1.2377e+02 1.2428e+02 1.2479e+02 1.2530e+02
 1.2583e+02 1.2633e+02 1.2684e+02 1.2735e+02 1.2785e+02 1.2836e+02
 1.2887e+02 1.2939e+02 1.2990e+02 1.3042e+02 1.3092e+02 1.3141e+02
 1.3194e+02 1.3245e+02 1.3294e+02 1.3347e+02 1.3397e+02 1.3449e+02
 1.3501e+02 1.3550e+02 1.3603e+02 1.3654e+02 1.3705e+02 1.3756e+02
 1.3807e+02 1.3859e+02 1.3909e+02 1.3960e+02 1.4011e+02 1.4061e+02
 1.4114e+02 1.4165e+02 1.4216e+02 1.4266e+02 1.4318e+02 1.4368e+02
 1.4419e+02 1.4469e+02 1.4522e+02 1.4572e+02 1.4624e+02 1.4673e+02
 1.4725e+02 1.4777e+02 1.4830e+02 1.4880e+02 1.4931e+02 1.4982e+02
 1.5033e+02 1.5082e+02 1.5134e+02 1.5186e+02 1.5236e+02 1.5289e+02
 1.5338e+02 1.5389e+02 1.5439e+02 1.5493e+02 1.5543e+02 1.5595e+02
 1.5643e+02 1.5696e+02 1.5747e+02 1.5799e+02 1.5850e+02 1.5901e+02
 1.5953e+02 1.6003e+02 1.6054e+02 1.6106e+02 1.6156e+02 1.6207e+02
 1.6259e+02 1.6310e+02 1.6362e+02 1.6413e+02 1.6461e+02 1.6512e+02
 1.6565e+02 1.6616e+02 1.6666e+02 1.6718e+02 1.6770e+02 1.6821e+02
 1.6871e+02 1.6920e+02 1.6971e+02 1.7023e+02 1.7076e+02 1.7126e+02
 1.7178e+02 1.7228e+02 1.7280e+02 1.7329e+02 1.7379e+02 1.7433e+02
 1.7484e+02 1.7533e+02 1.7587e+02 1.7637e+02 1.7691e+02 1.7741e+02
 1.7792e+02 1.7844e+02 1.7895e+02 1.7946e+02 1.7996e+02 1.8049e+02
 1.8098e+02 1.8149e+02 1.8201e+02 1.8251e+02 1.8302e+02 1.8353e+02
 1.8405e+02 1.8457e+02 1.8507e+02 1.8558e+02 1.8608e+02 1.8658e+02
 1.8709e+02 1.8760e+02 1.8813e+02 1.8864e+02 1.8914e+02 1.8966e+02
 1.9015e+02 1.9066e+02 1.9118e+02 1.9171e+02 1.9221e+02 1.9273e+02
 1.9323e+02 1.9372e+02 1.9426e+02 1.9476e+02 1.9527e+02 1.9581e+02
 1.9631e+02 1.9683e+02 1.9732e+02 1.9784e+02 1.9835e+02 1.9886e+02
 1.9936e+02 1.9989e+02 2.0041e+02 2.0091e+02 2.0141e+02 2.0194e+02
 2.0243e+02 2.0295e+02 2.0346e+02 2.0397e+02 2.0448e+02 2.0499e+02
 2.0548e+02 2.0599e+02 2.0651e+02 2.0702e+02 2.0752e+02 2.0804e+02
 2.0856e+02 2.0907e+02 2.0957e+02 2.1010e+02 2.1060e+02 2.1112e+02
 2.1163e+02 2.1215e+02 2.1265e+02 2.1316e+02 2.1366e+02 2.1419e+02
 2.1469e+02 2.1521e+02 2.1570e+02 2.1622e+02 2.1673e+02 2.1726e+02
 2.1774e+02 2.1827e+02 2.1877e+02 2.1929e+02 2.1980e+02 2.2029e+02
 2.2082e+02 2.2132e+02 2.2182e+02 2.2233e+02 2.2287e+02 2.2337e+02
 2.2386e+02 2.2440e+02 2.2493e+02 2.2542e+02 2.2592e+02 2.2645e+02
 2.2694e+02 2.2747e+02 2.2797e+02 2.2848e+02 2.2900e+02 2.2951e+02
 2.3002e+02 2.3052e+02 2.3102e+02 2.3155e+02 2.3205e+02 2.3257e+02
 2.3309e+02 2.3360e+02 2.3409e+02 2.3459e+02 2.3511e+02 2.3561e+02
 2.3613e+02 2.3663e+02 2.3716e+02 2.3768e+02 2.3818e+02 2.3870e+02
 2.3922e+02 2.3973e+02 2.4023e+02 2.4074e+02 2.4126e+02 2.4177e+02
 2.4226e+02 2.4279e+02 2.4329e+02 2.4381e+02 2.4431e+02 2.4484e+02
 2.4535e+02 2.4586e+02 2.4635e+02 2.4688e+02 2.4738e+02 2.4790e+02
 2.4841e+02 2.4892e+02 2.4943e+02 2.4994e+02 2.5044e+02 2.5096e+02
 2.5147e+02 2.5198e+02 2.5249e+02 2.5300e+02 2.5351e+02 2.5403e+02
 2.5451e+02 2.5502e+02 2.5555e+02 2.5606e+02 2.5655e+02 2.5709e+02
 2.5761e+02 2.5811e+02 2.5861e+02 2.5915e+02 2.5965e+02 2.6016e+02
 2.6066e+02 2.6117e+02 2.6171e+02 2.6222e+02 2.6271e+02 2.6321e+02
 2.6373e+02 2.6426e+02 2.6475e+02 2.6527e+02 2.6577e+02 2.6628e+02
 2.6678e+02 2.6731e+02 2.6781e+02 2.6832e+02 2.6882e+02 2.6934e+02
 2.6986e+02 2.7037e+02 2.7088e+02 2.7138e+02 2.7190e+02 2.7241e+02
 2.7293e+02 2.7344e+02 2.7395e+02 2.7447e+02 2.7497e+02 2.7548e+02
 2.7597e+02 2.7650e+02 2.7701e+02 2.7751e+02 2.7804e+02 2.7855e+02
 2.7904e+02 2.7955e+02 2.8007e+02 2.8059e+02 2.8109e+02 2.8161e+02
 2.8212e+02 2.8262e+02 2.8313e+02 2.8365e+02 2.8416e+02 2.8468e+02
 2.8518e+02 2.8569e+02 2.8622e+02 2.8672e+02 2.8722e+02 2.8774e+02
 2.8825e+02 2.8876e+02 2.8925e+02 2.8978e+02 2.9030e+02 2.9080e+02
 2.9130e+02 2.9183e+02 2.9233e+02 2.9285e+02 2.9336e+02 2.9384e+02
 2.9437e+02 2.9489e+02 2.9540e+02 2.9588e+02]
downbeats[  0.67   2.72   4.76   6.8    8.84  10.88  12.93  14.97  17.02  19.06
  21.1   23.14  25.16  27.23  29.27  31.3   33.36  35.4   37.43  39.49
  41.53  43.57  45.62  47.66  49.7   51.73  53.78  55.83  57.89  59.92
  61.95  64.01  66.03  68.1   70.13  72.16  74.22  76.24  78.3   80.35
  82.39  84.43  86.49  88.52  90.57  92.61  94.66  96.68  98.75 100.79
 102.85 104.89 106.91 108.94 110.99 113.05 115.09 117.13 119.2  121.22
 123.25 125.3  127.35 129.39 131.41 133.47 135.5  137.56 139.6  141.65
 143.68 145.72 147.77 149.82 151.86 153.89 155.95 157.99 160.03 162.07
 164.13 166.16 168.21 170.23 172.28 174.33 176.37 178.44 180.49 182.51
 184.57 186.58 188.64 190.66 192.73 194.76 196.83 198.86 200.91 202.95
 204.99 207.02 209.07 211.12 213.16 215.21 217.26 219.29 221.32 223.37
 225.42 227.47 229.51 231.55 233.6  235.61 237.68 239.73 241.77 243.81
 245.86 247.9  249.94 251.98 254.03 256.06 258.11 260.16 262.22 264.26
 266.28 268.32 270.37 272.41 274.47 276.5  278.55 280.59 282.62 284.68
 286.72 288.76 290.8  292.85 294.89]