beats[2.0000e-01 7.2000e-01 1.2400e+00 1.7700e+00 2.3000e+00 2.8300e+00
 3.3600e+00 3.9100e+00 4.4400e+00 4.9300e+00 5.4600e+00 5.9900e+00
 6.5000e+00 7.0400e+00 7.5600e+00 8.0900e+00 8.6200e+00 9.1400e+00
 9.6700e+00 1.0210e+01 1.0730e+01 1.1250e+01 1.1770e+01 1.2310e+01
 1.2850e+01 1.3360e+01 1.3880e+01 1.4420e+01 1.4930e+01 1.5460e+01
 1.5980e+01 1.6510e+01 1.7020e+01 1.7560e+01 1.8110e+01 1.8620e+01
 1.9140e+01 1.9660e+01 2.0200e+01 2.0720e+01 2.1250e+01 2.1770e+01
 2.2310e+01 2.2830e+01 2.3360e+01 2.3870e+01 2.4410e+01 2.4940e+01
 2.5460e+01 2.5990e+01 2.6520e+01 2.7040e+01 2.7570e+01 2.8080e+01
 2.8620e+01 2.9150e+01 2.9670e+01 3.0200e+01 3.0730e+01 3.1250e+01
 3.1780e+01 3.2300e+01 3.2830e+01 3.3360e+01 3.3880e+01 3.4410e+01
 3.4950e+01 3.5460e+01 3.6020e+01 3.6520e+01 3.7040e+01 3.7570e+01
 3.8090e+01 3.8620e+01 3.9150e+01 3.9670e+01 4.0200e+01 4.0720e+01
 4.1250e+01 4.1780e+01 4.2300e+01 4.2830e+01 4.3370e+01 4.3890e+01
 4.4410e+01 4.4930e+01 4.5460e+01 4.5990e+01 4.6510e+01 4.7040e+01
 4.7570e+01 4.8090e+01 4.8620e+01 4.9140e+01 4.9670e+01 5.0200e+01
 5.0720e+01 5.1250e+01 5.1780e+01 5.2310e+01 5.2820e+01 5.3360e+01
 5.3880e+01 5.4410e+01 5.4940e+01 5.5460e+01 5.5990e+01 5.6510e+01
 5.7030e+01 5.7560e+01 5.8090e+01 5.8620e+01 5.9140e+01 5.9670e+01
 6.0200e+01 6.0730e+01 6.1250e+01 6.1780e+01 6.2300e+01 6.2830e+01
 6.3340e+01 6.3880e+01 6.4410e+01 6.4930e+01 6.5460e+01 6.5980e+01
 6.6510e+01 6.7040e+01 6.7570e+01 6.8090e+01 6.8620e+01 6.9150e+01
 6.9670e+01 7.0200e+01 7.0730e+01 7.1250e+01 7.1780e+01 7.2290e+01
 7.2820e+01 7.3360e+01 7.3880e+01 7.4410e+01 7.4930e+01 7.5460e+01
 7.5990e+01 7.6510e+01 7.7010e+01 7.7570e+01 7.8090e+01 7.8620e+01
 7.9150e+01 7.9670e+01 8.0200e+01 8.0720e+01 8.1250e+01 8.1780e+01
 8.2300e+01 8.2830e+01 8.3360e+01 8.3880e+01 8.4410e+01 8.4940e+01
 8.5460e+01 8.5990e+01 8.6520e+01 8.7040e+01 8.7570e+01 8.8090e+01
 8.8610e+01 8.9140e+01 8.9660e+01 9.0200e+01 9.0720e+01 9.1250e+01
 9.1780e+01 9.2310e+01 9.2830e+01 9.3360e+01 9.3890e+01 9.4410e+01
 9.4950e+01 9.5460e+01 9.5990e+01 9.6520e+01 9.7040e+01 9.7560e+01
 9.8090e+01 9.8620e+01 9.9140e+01 9.9670e+01 1.0020e+02 1.0073e+02
 1.0125e+02 1.0178e+02 1.0230e+02 1.0283e+02 1.0335e+02 1.0388e+02
 1.0441e+02 1.0494e+02 1.0546e+02 1.0599e+02 1.0651e+02 1.0704e+02
 1.0757e+02 1.0809e+02 1.0862e+02 1.0915e+02 1.0967e+02 1.1020e+02
 1.1073e+02 1.1125e+02 1.1177e+02 1.1230e+02 1.1283e+02 1.1336e+02
 1.1388e+02 1.1440e+02 1.1493e+02 1.1546e+02 1.1599e+02 1.1651e+02
 1.1704e+02 1.1757e+02 1.1809e+02 1.1862e+02 1.1914e+02 1.1967e+02
 1.2020e+02 1.2073e+02 1.2125e+02 1.2178e+02 1.2230e+02 1.2282e+02
 1.2335e+02 1.2388e+02 1.2441e+02 1.2493e+02 1.2546e+02 1.2599e+02
 1.2651e+02 1.2704e+02 1.2757e+02 1.2810e+02 1.2862e+02 1.2914e+02
 1.2967e+02 1.3020e+02 1.3073e+02 1.3125e+02 1.3178e+02 1.3230e+02
 1.3283e+02 1.3336e+02 1.3388e+02 1.3441e+02 1.3494e+02 1.3547e+02
 1.3599e+02 1.3652e+02 1.3703e+02 1.3757e+02 1.3809e+02 1.3862e+02
 1.3914e+02 1.3967e+02 1.4020e+02 1.4073e+02 1.4124e+02 1.4177e+02
 1.4230e+02 1.4283e+02 1.4336e+02 1.4388e+02 1.4441e+02 1.4494e+02
 1.4546e+02 1.4599e+02 1.4651e+02 1.4704e+02 1.4754e+02 1.4809e+02
 1.4862e+02 1.4915e+02 1.4967e+02 1.5020e+02 1.5072e+02 1.5125e+02
 1.5177e+02 1.5230e+02 1.5283e+02 1.5336e+02 1.5389e+02 1.5441e+02
 1.5494e+02 1.5546e+02 1.5598e+02 1.5651e+02 1.5704e+02 1.5757e+02
 1.5809e+02 1.5862e+02 1.5914e+02 1.5967e+02 1.6019e+02 1.6072e+02
 1.6122e+02 1.6177e+02 1.6230e+02 1.6283e+02 1.6336e+02 1.6388e+02
 1.6441e+02 1.6493e+02 1.6546e+02 1.6599e+02 1.6649e+02 1.6704e+02
 1.6757e+02 1.6809e+02 1.6862e+02 1.6915e+02 1.6967e+02 1.7020e+02
 1.7073e+02 1.7125e+02 1.7177e+02 1.7230e+02 1.7283e+02 1.7335e+02
 1.7388e+02 1.7441e+02 1.7493e+02 1.7546e+02 1.7599e+02 1.7651e+02
 1.7704e+02 1.7756e+02 1.7810e+02 1.7862e+02 1.7915e+02 1.7967e+02
 1.8020e+02 1.8073e+02 1.8125e+02 1.8177e+02 1.8231e+02 1.8283e+02
 1.8335e+02 1.8388e+02 1.8441e+02 1.8494e+02 1.8546e+02 1.8599e+02
 1.8651e+02 1.8704e+02 1.8757e+02 1.8809e+02 1.8862e+02 1.8915e+02
 1.8967e+02 1.9019e+02 1.9072e+02 1.9125e+02 1.9178e+02 1.9230e+02
 1.9283e+02 1.9336e+02 1.9388e+02 1.9441e+02 1.9490e+02 1.9546e+02
 1.9598e+02 1.9651e+02 1.9704e+02 1.9757e+02 1.9809e+02 1.9862e+02
 1.9915e+02 1.9968e+02 2.0018e+02 2.0072e+02 2.0125e+02 2.0178e+02
 2.0230e+02 2.0283e+02 2.0336e+02 2.0389e+02 2.0442e+02 2.0494e+02
 2.0545e+02 2.0599e+02 2.0651e+02 2.0703e+02 2.0756e+02 2.0809e+02
 2.0862e+02 2.0914e+02 2.0967e+02 2.1020e+02 2.1072e+02 2.1125e+02
 2.1178e+02 2.1231e+02 2.1283e+02 2.1335e+02 2.1388e+02 2.1441e+02
 2.1494e+02 2.1546e+02 2.1599e+02 2.1652e+02 2.1704e+02 2.1757e+02
 2.1809e+02 2.1862e+02 2.1916e+02 2.1967e+02 2.2019e+02 2.2073e+02
 2.2125e+02 2.2178e+02 2.2230e+02 2.2283e+02 2.2335e+02 2.2388e+02
 2.2441e+02 2.2494e+02 2.2546e+02 2.2598e+02 2.2652e+02 2.2703e+02
 2.2753e+02 2.2809e+02 2.2862e+02 2.2915e+02 2.2967e+02 2.3020e+02
 2.3072e+02 2.3125e+02 2.3181e+02 2.3241e+02 2.3295e+02 2.3355e+02
 2.3412e+02 2.3467e+02 2.3523e+02 2.3581e+02 2.3638e+02 2.3694e+02
 2.3751e+02 2.3811e+02 2.3865e+02 2.3925e+02 2.3982e+02 2.4039e+02]
downbeats[  1.77   3.91   5.99   8.09  10.21  12.31  14.42  16.51  18.62  20.72
  22.83  24.94  27.04  29.15  31.25  33.36  35.46  37.57  39.67  41.78
  43.89  45.99  48.09  50.2   52.31  54.41  56.51  58.62  60.73  62.83
  64.93  67.04  69.15  71.25  73.36  75.46  77.57  79.67  81.78  83.88
  85.99  88.09  90.2   92.31  94.41  96.52  98.62 100.73 102.83 104.94
 107.04 109.15 111.25 113.36 115.46 117.57 119.67 121.78 123.88 125.99
 128.1  130.2  132.3  134.41 136.52 138.62 140.73 142.83 144.94 147.04
 149.15 151.25 153.36 155.46 157.57 159.67 161.77 163.88 165.99 168.09
 170.2  172.3  174.41 176.51 178.62 180.73 182.83 184.94 187.04 189.15
 191.25 193.36 195.46 197.57 199.68 201.78 203.89 205.99 208.09 210.2
 212.31 214.41 216.52 218.62 220.73 222.83 224.94 227.03 229.15 231.25
 233.55 235.81 238.11 240.39]