beats[  0.28   1.16   2.11   3.07   3.9    4.72   5.56   6.19   6.85   7.51
   8.18   8.85   9.49  10.15  10.83  11.5   12.16  12.82  13.48  14.16
  14.83  15.5   16.16  16.84  17.48  18.17  18.82  19.5   20.14  20.83
  21.5   22.13  22.84  23.51  24.17  24.82  25.5   26.16  26.83  27.46
  28.16  28.83  29.5   30.22  30.85  31.51  32.17  32.83  33.48  34.17
  34.83  35.5   36.17  36.84  37.5   38.17  38.82  39.51  40.17  40.84
  41.51  42.18  42.83  43.51  44.16  44.83  45.5   46.16  46.84  47.51
  48.18  48.84  49.49  50.17  50.84  51.5   52.14  52.79  53.5   54.17
  54.82  55.51  56.17  56.84  57.5   58.18  58.83  59.5   60.14  60.82
  61.5   62.17  62.85  63.48  64.17  64.83  65.52  66.17  66.84  67.51
  68.14  68.84  69.51  70.17  70.88  71.51  72.17  72.84  73.5   74.16
  74.84  75.51  76.19  76.85  77.5   78.17  78.81  79.51  80.18  80.84
  81.53  82.18  82.83  83.5   84.15  84.84  85.5   86.17  86.84  87.52
  88.18  88.84  89.48  90.18  90.84  91.51  92.18  92.85  93.51  94.18
  94.86  95.48  96.17  96.8   97.51  98.17  98.83  99.5  100.18 100.84
 101.51 102.19 102.84 103.51 104.17 104.82 105.5  106.16 106.84 107.5
 108.18 108.84 109.5  110.17 110.84 111.51 112.16 112.83 113.51 114.17
 114.8  115.5  116.16 116.83 117.5  118.17 118.84 119.5  120.17 120.83
 121.5  122.17 122.84 123.48 124.12 124.83 125.5  126.17 126.85 127.52
 128.17 128.84 129.53 130.18 130.84 131.51 132.15 132.84 133.51 134.18
 134.85 135.52 136.18 136.84 137.5  138.18 138.84 139.5  140.2  140.84
 141.5  142.17 142.81 143.51 144.18 144.84 145.54 146.17 146.84 147.5
 148.15 148.84 149.5  150.17 150.84 151.51 152.17 152.84 153.51 154.18
 154.84 155.51 156.18 156.84 157.51 158.17 158.84 159.5  160.22 160.89
 161.56 162.22 162.84 163.5  164.19 164.84 165.5  166.17 166.81 167.5
 168.18 168.84 169.51 170.18 170.83 171.49 172.17 172.84 173.5  174.17
 174.86 175.5  176.16 176.83 177.47 178.17 178.84 179.5  180.18 180.84
 181.5  182.16 182.82 183.5  184.16 184.78 185.45]
downbeats[  2.11   5.56   8.18  10.83  13.48  16.16  18.82  21.5   24.17  26.83
  29.5   32.17  34.83  37.5   40.17  42.83  45.5   48.18  50.84  53.5
  56.17  58.83  61.5   64.17  66.84  69.51  72.17  74.84  77.5   80.18
  82.83  85.5   88.18  90.84  93.51  96.17  98.83 101.51 104.17 106.84
 109.5  112.16 114.8  117.5  120.17 122.84 125.5  128.17 130.84 133.51
 136.18 138.84 141.5  144.18 146.84 149.5  152.17 154.84 157.51 160.22
 162.84 165.5  168.18 170.83 173.5  176.16 178.84 181.5  184.16]