beats[  0.43   0.92   1.42   1.88   2.39   2.86   3.37   3.87   4.34   4.83
   5.33   5.82   6.32   6.78   7.27   7.77   8.28   8.75   9.27   9.76
  10.25  10.75  11.24  11.76  12.25  12.73  13.22  13.71  14.19  14.7
  15.17  15.68  16.16  16.64  17.13  17.65  18.13  18.63  19.14  19.63
  20.1   20.6   21.07  21.56  22.05  22.56  23.08  23.55  24.04  24.54
  25.04  25.51  26.01  26.49  26.97  27.46  27.95  28.45  28.95  29.44
  29.92  30.42  30.9   31.41  31.88  32.37  32.88  33.36  33.85  34.35
  34.83  35.35  35.86  36.32  36.84  37.31  37.79  38.29  38.77  39.27
  39.75  40.24  40.76  41.23  41.72  42.23  42.71  43.21  43.69  44.21
  44.69  45.2   45.67  46.19  46.65  47.17  47.63  48.13  48.64  49.13
  49.62  50.11  50.59  51.06  51.56  52.04  52.56  53.05  53.52  54.01
  54.53  55.02  55.5   56.    56.52  57.01  57.48  57.96  58.46  58.95
  59.45  59.93  60.42  60.91  61.4   61.88  62.39  62.86  63.38  63.87
  64.36  64.85  65.34  65.8   66.32  66.79  67.27  67.76  68.27  68.77
  69.26  69.74  70.23  70.76  71.25  71.74  72.21  72.69  73.21  73.69
  74.17  74.65  75.16  75.66  76.18  76.67  77.14  77.62  78.11  78.63
  79.11  79.59  80.09  80.59  81.05  81.54  82.06  82.55  83.04  83.52
  84.    84.52  85.01  85.5   86.02  86.5   87.    87.46  87.96  88.45
  88.94  89.42  89.93  90.43  90.91  91.38  91.89  92.38  92.85  93.37
  93.86  94.37  94.86  95.33  95.82  96.31  96.81  97.3   97.8   98.31
  98.79  99.28  99.77 100.27 100.75 101.24 101.74 102.23 102.69 103.19
 103.68 104.16 104.65 105.16 105.66 106.15 106.64 107.13 107.62 108.1
 108.59 109.09 109.58 110.11 110.59 111.07 111.55 112.06 112.53 113.04
 113.53 114.02 114.51 115.01 115.5  116.   116.48 116.98 117.48 117.97
 118.45 118.92 119.41 119.93 120.39 120.91 121.37 121.89 122.39 122.88
 123.39 123.88 124.36 124.86 125.33 125.82 126.3  126.81 127.29 127.8
 128.29 128.76 129.26 129.76 130.23 130.74 131.26 131.75 132.23 132.74
 133.23 133.69 134.19 134.67 135.18 135.68 136.15 136.65 137.12 137.63
 138.11 138.59 139.11 139.6  140.09 140.58 141.06 141.53 142.03 142.54
 143.   143.52 144.02 144.53 145.   145.51 146.   146.49 146.98 147.48
 147.96 148.43 148.95 149.43 149.9  150.4  150.9  151.39 151.89 152.36
 152.89 153.37 153.85 154.37 154.83 155.32 155.84 156.3  156.81 157.31
 157.78 158.28 158.77 159.27 159.77 160.27 160.77 161.26 161.72 162.22
 162.71 163.21 163.68 164.17 164.68 165.18 165.64 166.13 166.62 167.14
 167.62 168.1  168.63 169.13 169.6  170.08 170.58 171.07 171.56 172.08
 172.57 173.06 173.53 174.02 174.53 175.   175.5  176.   176.48 176.99
 177.47 177.97 178.43 178.92 179.44 179.93 180.42 180.91 181.37 181.86
 182.37 182.87 183.33 183.83 184.35 184.85 185.33 185.82 186.34 186.82
 187.29 187.79 188.27 188.76 189.27 189.77 190.24 190.75 191.23 191.73
 192.22 192.74 193.21 193.69 194.21 194.68 195.18 195.65 196.16 196.66
 197.12 197.61 198.11 198.62 199.08 199.59 200.06 200.58 201.07 201.57
 202.09 202.58 203.06 203.53 204.02 204.52 205.   205.49 206.01 206.5
 206.98 207.46 207.95 208.45 208.92 209.42 209.9  210.42 210.91 211.38
 211.88 212.37 212.85 213.36 213.86 214.35 214.85 215.33 215.82 216.32
 216.81 217.31 217.81 218.27 218.78 219.26 219.75 220.25 220.72 221.22
 221.72 222.22 222.71 223.19 223.69 224.18 224.65 225.17 225.65 226.17
 226.65 227.13 227.63 228.13 228.6  229.11 229.59 230.08 230.59 231.08
 231.55 232.06 232.54 233.04 233.53 234.02 234.51 234.98 235.49 236.
 236.47 236.97 237.47 238.   238.48 239.   239.49 239.95 240.41 240.9
 241.37 241.83 242.29 242.81 243.27 243.76 244.25 244.75 245.24 245.75
 246.21 246.73 247.19 247.68 248.2  248.66 249.18 249.67 250.16 250.65
 251.14 251.63 252.12 252.61 253.1 ]
downbeats[  1.88   3.87   5.82   7.77   9.76  11.76  13.71  15.68  17.65  19.63
  21.56  23.55  25.51  27.46  29.44  31.41  33.36  35.35  37.31  39.27
  41.23  43.21  45.2   47.17  49.13  51.06  53.05  55.02  57.01  58.95
  60.91  62.86  64.85  66.79  68.77  70.76  72.69  74.65  76.67  78.63
  80.59  82.55  84.52  86.5   88.45  90.43  92.38  94.37  96.31  98.31
 100.27 102.23 104.16 106.15 108.1  110.11 112.06 114.02 116.   117.97
 119.93 121.89 123.88 125.82 127.8  129.76 131.75 133.69 135.68 137.63
 139.6  141.53 143.52 145.51 147.48 149.43 151.39 153.37 155.32 157.31
 159.27 161.26 163.21 165.18 167.14 169.13 171.07 173.06 175.   176.99
 178.92 180.91 182.87 184.85 186.82 188.76 190.75 192.74 194.68 196.66
 198.62 200.58 202.58 204.52 206.5  208.45 210.42 212.37 214.35 216.32
 218.27 220.25 222.22 224.18 226.17 228.13 230.08 232.06 234.02 236.
 238.   239.95 241.83 243.76 245.75 247.68 249.67 251.63]