beats[3.0000e-02 4.2000e-01 8.0000e-01 1.1700e+00 1.5500e+00 1.9300e+00
 2.3200e+00 2.6800e+00 3.0500e+00 3.4200e+00 3.8000e+00 4.1800e+00
 4.5600e+00 4.9200e+00 5.3100e+00 5.6800e+00 6.0500e+00 6.4200e+00
 6.8000e+00 7.1800e+00 7.5600e+00 7.9300e+00 8.3100e+00 8.6800e+00
 9.0500e+00 9.4300e+00 9.8000e+00 1.0180e+01 1.0550e+01 1.0930e+01
 1.1310e+01 1.1680e+01 1.2060e+01 1.2430e+01 1.2830e+01 1.3200e+01
 1.3550e+01 1.3930e+01 1.4310e+01 1.4680e+01 1.5050e+01 1.5430e+01
 1.5790e+01 1.6180e+01 1.6560e+01 1.6920e+01 1.7300e+01 1.7670e+01
 1.8050e+01 1.8410e+01 1.8790e+01 1.9180e+01 1.9550e+01 1.9920e+01
 2.0300e+01 2.0680e+01 2.1040e+01 2.1430e+01 2.1800e+01 2.2170e+01
 2.2550e+01 2.2920e+01 2.3310e+01 2.3670e+01 2.4050e+01 2.4430e+01
 2.4800e+01 2.5180e+01 2.5550e+01 2.5930e+01 2.6280e+01 2.6680e+01
 2.7050e+01 2.7420e+01 2.7800e+01 2.8180e+01 2.8550e+01 2.8930e+01
 2.9310e+01 2.9680e+01 3.0050e+01 3.0400e+01 3.0790e+01 3.1170e+01
 3.1540e+01 3.1930e+01 3.2300e+01 3.2680e+01 3.3050e+01 3.3400e+01
 3.3790e+01 3.4180e+01 3.4540e+01 3.4930e+01 3.5310e+01 3.5670e+01
 3.6040e+01 3.6430e+01 3.6790e+01 3.7170e+01 3.7520e+01 3.7920e+01
 3.8300e+01 3.8680e+01 3.9050e+01 3.9420e+01 3.9800e+01 4.0180e+01
 4.0550e+01 4.0920e+01 4.1310e+01 4.1680e+01 4.2050e+01 4.2420e+01
 4.2800e+01 4.3180e+01 4.3560e+01 4.3930e+01 4.4310e+01 4.4680e+01
 4.5050e+01 4.5430e+01 4.5800e+01 4.6180e+01 4.6550e+01 4.6920e+01
 4.7310e+01 4.7680e+01 4.8050e+01 4.8430e+01 4.8790e+01 4.9170e+01
 4.9550e+01 4.9920e+01 5.0300e+01 5.0680e+01 5.1050e+01 5.1420e+01
 5.1800e+01 5.2170e+01 5.2540e+01 5.2920e+01 5.3310e+01 5.3680e+01
 5.4050e+01 5.4430e+01 5.4800e+01 5.5180e+01 5.5550e+01 5.5920e+01
 5.6300e+01 5.6670e+01 5.7050e+01 5.7430e+01 5.7800e+01 5.8180e+01
 5.8560e+01 5.8920e+01 5.9290e+01 5.9670e+01 6.0050e+01 6.0420e+01
 6.0800e+01 6.1180e+01 6.1550e+01 6.1930e+01 6.2310e+01 6.2680e+01
 6.3050e+01 6.3420e+01 6.3800e+01 6.4180e+01 6.4570e+01 6.4930e+01
 6.5320e+01 6.5680e+01 6.6050e+01 6.6420e+01 6.6790e+01 6.7180e+01
 6.7550e+01 6.7920e+01 6.8300e+01 6.8680e+01 6.9050e+01 6.9430e+01
 6.9800e+01 7.0180e+01 7.0560e+01 7.0920e+01 7.1310e+01 7.1680e+01
 7.2050e+01 7.2420e+01 7.2800e+01 7.3180e+01 7.3550e+01 7.3930e+01
 7.4300e+01 7.4680e+01 7.5050e+01 7.5420e+01 7.5800e+01 7.6180e+01
 7.6570e+01 7.6930e+01 7.7310e+01 7.7680e+01 7.8050e+01 7.8440e+01
 7.8800e+01 7.9180e+01 7.9570e+01 7.9930e+01 8.0300e+01 8.0680e+01
 8.1050e+01 8.1420e+01 8.1790e+01 8.2180e+01 8.2560e+01 8.2930e+01
 8.3310e+01 8.3680e+01 8.4050e+01 8.4420e+01 8.4800e+01 8.5180e+01
 8.5560e+01 8.5950e+01 8.6310e+01 8.6710e+01 8.7070e+01 8.7470e+01
 8.7830e+01 8.8190e+01 8.8570e+01 8.8930e+01 8.9320e+01 8.9690e+01
 9.0060e+01 9.0430e+01 9.0810e+01 9.1190e+01 9.1560e+01 9.1940e+01
 9.2310e+01 9.2690e+01 9.3080e+01 9.3450e+01 9.3820e+01 9.4180e+01
 9.4550e+01 9.4930e+01 9.5300e+01 9.5680e+01 9.6050e+01 9.6400e+01
 9.6780e+01 9.7160e+01 9.7530e+01 9.7910e+01 9.8290e+01 9.8670e+01
 9.9050e+01 9.9410e+01 9.9800e+01 1.0018e+02 1.0055e+02 1.0093e+02
 1.0131e+02 1.0170e+02 1.0209e+02 1.0246e+02 1.0281e+02 1.0319e+02
 1.0357e+02 1.0392e+02 1.0430e+02 1.0468e+02 1.0505e+02 1.0542e+02
 1.0580e+02 1.0618e+02 1.0654e+02 1.0693e+02 1.0730e+02 1.0769e+02
 1.0806e+02 1.0846e+02 1.0884e+02 1.0920e+02 1.0958e+02 1.0996e+02
 1.1038e+02 1.1083e+02 1.1129e+02 1.1174e+02 1.1220e+02 1.1265e+02
 1.1310e+02 1.1356e+02 1.1402e+02 1.1447e+02 1.1492e+02 1.1538e+02
 1.1584e+02 1.1629e+02 1.1676e+02 1.1719e+02 1.1765e+02 1.1811e+02
 1.1856e+02 1.1901e+02 1.1946e+02 1.1992e+02 1.2037e+02 1.2083e+02
 1.2128e+02 1.2175e+02 1.2220e+02 1.2266e+02 1.2311e+02 1.2356e+02
 1.2402e+02 1.2447e+02 1.2492e+02 1.2538e+02 1.2583e+02 1.2628e+02
 1.2674e+02 1.2719e+02 1.2765e+02 1.2811e+02 1.2856e+02 1.2901e+02
 1.2947e+02 1.2992e+02 1.3038e+02 1.3083e+02 1.3128e+02 1.3173e+02
 1.3219e+02 1.3265e+02 1.3310e+02 1.3356e+02 1.3401e+02 1.3447e+02
 1.3492e+02 1.3538e+02 1.3583e+02 1.3628e+02 1.3673e+02 1.3719e+02
 1.3764e+02 1.3809e+02 1.3855e+02 1.3901e+02 1.3946e+02 1.3992e+02
 1.4038e+02 1.4083e+02 1.4133e+02 1.4187e+02 1.4250e+02 1.4308e+02
 1.4383e+02 1.4459e+02 1.4533e+02 1.4609e+02 1.4683e+02 1.4759e+02
 1.4833e+02 1.4909e+02 1.4983e+02 1.5058e+02 1.5133e+02 1.5208e+02
 1.5283e+02 1.5359e+02 1.5433e+02 1.5505e+02 1.5584e+02 1.5658e+02
 1.5733e+02 1.5809e+02 1.5882e+02 1.5959e+02 1.6031e+02 1.6109e+02
 1.6183e+02 1.6259e+02 1.6333e+02 1.6409e+02 1.6483e+02 1.6558e+02
 1.6633e+02 1.6708e+02 1.6784e+02 1.6859e+02 1.6933e+02 1.7009e+02
 1.7083e+02 1.7159e+02 1.7233e+02 1.7309e+02 1.7383e+02 1.7459e+02
 1.7533e+02 1.7609e+02 1.7683e+02 1.7759e+02 1.7834e+02 1.7909e+02
 1.7984e+02 1.8059e+02 1.8133e+02 1.8209e+02 1.8283e+02 1.8359e+02
 1.8433e+02 1.8509e+02 1.8583e+02 1.8659e+02 1.8732e+02 1.8809e+02
 1.8883e+02 1.8959e+02 1.9032e+02 1.9105e+02 1.9182e+02 1.9259e+02
 1.9333e+02 1.9408e+02 1.9483e+02 1.9558e+02 1.9633e+02 1.9708e+02
 1.9783e+02 1.9858e+02 1.9933e+02 2.0008e+02 2.0083e+02 2.0158e+02
 2.0233e+02 2.0307e+02 2.0383e+02 2.0459e+02 2.0533e+02 2.0609e+02
 2.0683e+02 2.0759e+02 2.0833e+02 2.0909e+02 2.0983e+02 2.1059e+02
 2.1134e+02 2.1209e+02 2.1283e+02 2.1359e+02 2.1433e+02 2.1509e+02
 2.1584e+02 2.1659e+02 2.1733e+02 2.1809e+02 2.1883e+02 2.1959e+02
 2.2034e+02 2.2109e+02 2.2183e+02 2.2259e+02 2.2333e+02 2.2409e+02
 2.2484e+02 2.2559e+02 2.2633e+02 2.2709e+02 2.2785e+02 2.2862e+02
 2.2939e+02 2.3011e+02 2.3088e+02 2.3163e+02 2.3241e+02 2.3312e+02
 2.3386e+02 2.3463e+02 2.3537e+02 2.3608e+02 2.3681e+02 2.3753e+02
 2.3821e+02 2.3893e+02 2.3966e+02 2.4039e+02 2.4111e+02 2.4185e+02
 2.4253e+02 2.4328e+02 2.4401e+02]
downbeats[  0.8    2.32   3.8    5.31   6.8    8.31   9.8   11.31  12.83  14.31
  15.79  17.3   18.79  20.3   21.8   23.31  24.8   26.28  27.8   29.31
  30.79  32.3   33.79  35.31  36.79  38.3   39.8   41.31  42.8   44.31
  45.8   47.31  48.79  50.3   51.8   53.31  54.8   56.3   57.8   59.29
  60.8   62.31  63.8   65.32  66.79  68.3   69.8   71.31  72.8   74.3
  75.8   77.31  78.8   80.3   81.79  83.31  84.8   86.31  87.83  89.32
  90.81  92.31  93.82  95.3   96.78  98.29  99.8  101.31 102.81 104.3
 105.8  107.3  108.84 110.38 112.2  114.02 115.84 117.65 119.46 121.28
 123.11 124.92 126.74 128.56 130.38 132.19 134.01 135.83 137.64 139.46
 141.33 143.83 146.83 149.83 152.83 155.84 158.82 161.83 164.83 167.84
 170.83 173.83 176.83 179.84 182.83 185.83 188.83 191.82 194.83 197.83
 200.83 203.83 206.83 209.83 212.83 215.84 218.83 221.83 224.84 227.85
 230.88 233.86 236.81 239.66 242.53]