beats[2.5000e-01 7.4000e-01 1.2000e+00 1.6700e+00 2.1400e+00 2.6100e+00
 3.0800e+00 3.5500e+00 4.0200e+00 4.4900e+00 4.9500e+00 5.4200e+00
 5.8900e+00 6.3700e+00 6.8300e+00 7.3000e+00 7.7600e+00 8.2400e+00
 8.7000e+00 9.1700e+00 9.6400e+00 1.0110e+01 1.0580e+01 1.1050e+01
 1.1520e+01 1.1980e+01 1.2460e+01 1.2920e+01 1.3380e+01 1.3860e+01
 1.4320e+01 1.4770e+01 1.5240e+01 1.5730e+01 1.6200e+01 1.6670e+01
 1.7120e+01 1.7610e+01 1.8060e+01 1.8550e+01 1.9000e+01 1.9490e+01
 1.9940e+01 2.0430e+01 2.0890e+01 2.1370e+01 2.1830e+01 2.2300e+01
 2.2770e+01 2.3250e+01 2.3710e+01 2.4180e+01 2.4640e+01 2.5120e+01
 2.5570e+01 2.6050e+01 2.6520e+01 2.6990e+01 2.7450e+01 2.7920e+01
 2.8390e+01 2.8860e+01 2.9330e+01 2.9800e+01 3.0260e+01 3.0740e+01
 3.1210e+01 3.1650e+01 3.2130e+01 3.2610e+01 3.3080e+01 3.3550e+01
 3.4010e+01 3.4470e+01 3.4960e+01 3.5410e+01 3.5880e+01 3.6370e+01
 3.6830e+01 3.7290e+01 3.7760e+01 3.8240e+01 3.8700e+01 3.9170e+01
 3.9640e+01 4.0110e+01 4.0590e+01 4.1050e+01 4.1520e+01 4.1990e+01
 4.2450e+01 4.2920e+01 4.3390e+01 4.3840e+01 4.4300e+01 4.4790e+01
 4.5260e+01 4.5720e+01 4.6190e+01 4.6670e+01 4.7140e+01 4.7600e+01
 4.8080e+01 4.8550e+01 4.9020e+01 4.9470e+01 4.9950e+01 5.0410e+01
 5.0880e+01 5.1350e+01 5.1830e+01 5.2310e+01 5.2750e+01 5.3230e+01
 5.3670e+01 5.4150e+01 5.4620e+01 5.5090e+01 5.5560e+01 5.6030e+01
 5.6480e+01 5.6970e+01 5.7430e+01 5.7900e+01 5.8380e+01 5.8840e+01
 5.9320e+01 5.9780e+01 6.0240e+01 6.0720e+01 6.1200e+01 6.1650e+01
 6.2130e+01 6.2600e+01 6.3070e+01 6.3540e+01 6.4010e+01 6.4470e+01
 6.4950e+01 6.5410e+01 6.5880e+01 6.6340e+01 6.6810e+01 6.7280e+01
 6.7760e+01 6.8220e+01 6.8700e+01 6.9160e+01 6.9640e+01 7.0100e+01
 7.0570e+01 7.1050e+01 7.1510e+01 7.1970e+01 7.2460e+01 7.2930e+01
 7.3400e+01 7.3840e+01 7.4320e+01 7.4770e+01 7.5250e+01 7.5710e+01
 7.6180e+01 7.6650e+01 7.7130e+01 7.7600e+01 7.8080e+01 7.8550e+01
 7.9020e+01 7.9490e+01 7.9960e+01 8.0430e+01 8.0900e+01 8.1360e+01
 8.1840e+01 8.2310e+01 8.2770e+01 8.3230e+01 8.3700e+01 8.4170e+01
 8.4630e+01 8.5110e+01 8.5590e+01 8.6060e+01 8.6530e+01 8.6990e+01
 8.7460e+01 8.7940e+01 8.8390e+01 8.8870e+01 8.9330e+01 8.9800e+01
 9.0270e+01 9.0730e+01 9.1210e+01 9.1670e+01 9.2150e+01 9.2610e+01
 9.3080e+01 9.3550e+01 9.4020e+01 9.4490e+01 9.4960e+01 9.5420e+01
 9.5890e+01 9.6360e+01 9.6840e+01 9.7310e+01 9.7780e+01 9.8230e+01
 9.8710e+01 9.9170e+01 9.9650e+01 1.0010e+02 1.0058e+02 1.0106e+02
 1.0151e+02 1.0198e+02 1.0246e+02 1.0293e+02 1.0339e+02 1.0385e+02
 1.0430e+02 1.0479e+02 1.0526e+02 1.0571e+02 1.0619e+02 1.0666e+02
 1.0714e+02 1.0761e+02 1.0807e+02 1.0855e+02 1.0902e+02 1.0947e+02
 1.0994e+02 1.1042e+02 1.1088e+02 1.1135e+02 1.1183e+02 1.1229e+02
 1.1276e+02 1.1322e+02 1.1368e+02 1.1416e+02 1.1463e+02 1.1510e+02
 1.1558e+02 1.1604e+02 1.1651e+02 1.1696e+02 1.1743e+02 1.1792e+02
 1.1838e+02 1.1885e+02 1.1932e+02 1.1978e+02 1.2024e+02 1.2071e+02
 1.2119e+02 1.2165e+02 1.2211e+02 1.2260e+02 1.2307e+02 1.2354e+02
 1.2399e+02 1.2447e+02 1.2494e+02 1.2540e+02 1.2587e+02 1.2634e+02
 1.2683e+02 1.2730e+02 1.2776e+02 1.2822e+02 1.2868e+02 1.2916e+02
 1.2961e+02 1.3009e+02 1.3056e+02 1.3103e+02 1.3151e+02 1.3197e+02
 1.3245e+02 1.3291e+02 1.3339e+02 1.3385e+02 1.3432e+02 1.3479e+02
 1.3525e+02 1.3573e+02 1.3620e+02 1.3667e+02 1.3711e+02 1.3759e+02
 1.3806e+02 1.3854e+02 1.3899e+02 1.3946e+02 1.3995e+02 1.4041e+02
 1.4087e+02 1.4134e+02 1.4181e+02 1.4230e+02 1.4277e+02 1.4323e+02
 1.4371e+02 1.4417e+02 1.4463e+02 1.4510e+02 1.4557e+02 1.4605e+02
 1.4651e+02 1.4698e+02 1.4746e+02 1.4793e+02 1.4839e+02 1.4885e+02
 1.4932e+02 1.4979e+02 1.5026e+02 1.5072e+02 1.5120e+02 1.5165e+02
 1.5214e+02 1.5259e+02 1.5306e+02 1.5355e+02 1.5403e+02 1.5450e+02
 1.5497e+02 1.5542e+02 1.5588e+02 1.5636e+02 1.5682e+02 1.5728e+02
 1.5774e+02 1.5823e+02 1.5870e+02 1.5916e+02 1.5962e+02 1.6009e+02
 1.6056e+02 1.6103e+02 1.6152e+02 1.6197e+02 1.6244e+02 1.6292e+02
 1.6339e+02 1.6385e+02 1.6434e+02 1.6480e+02 1.6527e+02 1.6574e+02
 1.6620e+02 1.6667e+02 1.6714e+02 1.6761e+02 1.6808e+02 1.6855e+02
 1.6901e+02 1.6948e+02 1.6994e+02 1.7041e+02 1.7089e+02 1.7135e+02
 1.7182e+02 1.7229e+02 1.7277e+02 1.7323e+02 1.7371e+02 1.7417e+02
 1.7465e+02 1.7511e+02 1.7558e+02 1.7606e+02 1.7651e+02 1.7697e+02
 1.7746e+02 1.7792e+02 1.7839e+02 1.7885e+02 1.7932e+02 1.7979e+02
 1.8026e+02 1.8073e+02 1.8122e+02 1.8168e+02 1.8215e+02 1.8261e+02
 1.8310e+02 1.8357e+02 1.8404e+02 1.8449e+02 1.8496e+02 1.8543e+02
 1.8590e+02 1.8636e+02 1.8684e+02 1.8730e+02 1.8776e+02 1.8821e+02
 1.8870e+02 1.8915e+02 1.8962e+02 1.9011e+02 1.9056e+02 1.9105e+02
 1.9152e+02 1.9199e+02 1.9246e+02 1.9292e+02 1.9338e+02 1.9386e+02
 1.9434e+02 1.9479e+02 1.9527e+02 1.9574e+02 1.9621e+02 1.9668e+02
 1.9716e+02 1.9761e+02 1.9810e+02 1.9857e+02 1.9902e+02 1.9948e+02
 1.9995e+02 2.0042e+02 2.0086e+02 2.0135e+02 2.0180e+02 2.0229e+02
 2.0276e+02 2.0323e+02 2.0370e+02 2.0415e+02 2.0463e+02 2.0510e+02
 2.0556e+02 2.0605e+02 2.0651e+02 2.0698e+02 2.0746e+02 2.0792e+02
 2.0838e+02 2.0885e+02 2.0933e+02 2.0980e+02 2.1026e+02 2.1073e+02
 2.1119e+02 2.1165e+02 2.1213e+02 2.1260e+02 2.1305e+02 2.1352e+02
 2.1400e+02 2.1447e+02 2.1495e+02 2.1542e+02 2.1587e+02 2.1633e+02
 2.1680e+02 2.1728e+02 2.1774e+02 2.1821e+02 2.1870e+02 2.1916e+02
 2.1963e+02 2.2007e+02 2.2054e+02 2.2103e+02 2.2150e+02 2.2195e+02
 2.2243e+02 2.2289e+02 2.2337e+02 2.2383e+02 2.2430e+02 2.2478e+02
 2.2525e+02 2.2572e+02 2.2620e+02 2.2666e+02 2.2714e+02 2.2760e+02
 2.2806e+02 2.2853e+02 2.2900e+02 2.2947e+02 2.2994e+02 2.3043e+02
 2.3089e+02 2.3135e+02 2.3184e+02 2.3231e+02 2.3276e+02 2.3323e+02
 2.3370e+02 2.3419e+02 2.3464e+02 2.3512e+02 2.3560e+02 2.3607e+02
 2.3652e+02 2.3699e+02 2.3743e+02 2.3792e+02 2.3837e+02 2.3884e+02
 2.3933e+02 2.3978e+02 2.4027e+02 2.4074e+02 2.4119e+02 2.4168e+02
 2.4213e+02 2.4261e+02 2.4308e+02 2.4355e+02 2.4402e+02 2.4449e+02
 2.4496e+02 2.4543e+02 2.4589e+02 2.4636e+02 2.4683e+02 2.4730e+02
 2.4777e+02 2.4824e+02 2.4871e+02 2.4916e+02 2.4963e+02 2.5010e+02
 2.5057e+02 2.5105e+02 2.5152e+02 2.5198e+02 2.5246e+02 2.5291e+02
 2.5339e+02 2.5385e+02 2.5433e+02 2.5481e+02 2.5526e+02 2.5577e+02
 2.5627e+02 2.5676e+02 2.5722e+02 2.5771e+02 2.5820e+02 2.5869e+02
 2.5918e+02 2.5967e+02 2.6019e+02 2.6065e+02 2.6114e+02 2.6166e+02
 2.6216e+02 2.6264e+02 2.6317e+02 2.6367e+02 2.6416e+02]
downbeats[  0.74   2.61   4.49   6.37   8.24  10.11  11.98  13.86  15.73  17.61
  19.49  21.37  23.25  25.12  26.99  28.86  30.74  32.61  34.47  36.37
  38.24  40.11  41.99  43.84  45.72  47.6   49.47  51.35  53.23  55.09
  56.97  58.84  60.72  62.6   64.47  66.34  68.22  70.1   71.97  73.84
  75.71  77.6   79.49  81.36  83.23  85.11  86.99  88.87  90.73  92.61
  94.49  96.36  98.23 100.1  101.98 103.85 105.71 107.61 109.47 111.35
 113.22 115.1  116.96 118.85 120.71 122.6  124.47 126.34 128.22 130.09
 131.97 133.85 135.73 137.59 139.46 141.34 143.23 145.1  146.98 148.85
 150.72 152.59 154.5  156.36 158.23 160.09 161.97 163.85 165.74 167.61
 169.48 171.35 173.23 175.11 176.97 178.85 180.73 182.61 184.49 186.36
 188.21 190.11 191.99 193.86 195.74 197.61 199.48 201.35 203.23 205.1
 206.98 208.85 210.73 212.6  214.47 216.33 218.21 220.07 221.95 223.83
 225.72 227.6  229.47 231.35 233.23 235.12 236.99 238.84 240.74 242.61
 244.49 246.36 248.24 250.1  251.98 253.85 255.77 257.71 259.67 261.66
 263.67]