beats[  0.55   1.18   1.84   2.44   3.07   3.71   4.36   4.96   5.62   6.22
   6.85   7.51   8.14   8.77   9.37  10.01  10.63  11.29  11.89  12.5
  13.15  13.77  14.37  14.96  15.54  16.14  16.74  17.34  17.95  18.6
  19.25  19.91  20.61  21.23  21.89  22.57  23.25  23.87  24.56  25.18
  25.77  26.39  27.03  27.66  28.27  28.87  29.52  30.04  30.59  31.14
  31.7   32.26  32.8   33.29  33.77  34.26  34.74  35.23  35.73  36.24
  36.73  37.24  37.73  38.22  38.74  39.24  39.74  40.23  40.71  41.22
  41.74  42.24  42.72  43.23  43.75  44.24  44.75  45.26  45.76  46.23
  46.73  47.25  47.75  48.25  48.77  49.3   49.79  50.27  50.75  51.25
  51.74  52.22  52.74  53.21  53.73  54.24  54.73  55.23  55.73  56.24
  56.72  57.24  57.74  58.24  58.73  59.22  59.72  60.22  60.73  61.22
  61.74  62.24  62.74  63.23  63.75  64.25  64.74  65.23  65.73  66.26
  66.76  67.25  67.75  68.26  68.75  69.23  69.76  70.25  70.75  71.25
  71.73  72.23  72.7   73.21  73.72  74.23  74.76  75.28  75.76  76.25
  76.72  77.23  77.72  78.22  78.74  79.22  79.72  80.22  80.74  81.23
  81.72  82.24  82.73  83.25  83.75  84.25  84.74  85.24  85.74  86.23
  86.73  87.24  87.74  88.25  88.72  89.23  89.73  90.23  90.72  91.23
  91.75  92.23  92.73  93.25  93.73  94.22  94.75  95.25  95.74  96.24
  96.75  97.25  97.72  98.22  98.72  99.25  99.72 100.26 100.75 101.26
 101.75 102.23 102.74 103.24 103.76 104.23 104.75 105.25 105.75 106.23
 106.76 107.23 107.73 108.25 108.76 109.26 109.75 110.23 110.75 111.24
 111.76 112.24 112.76 113.26 113.76 114.25 114.73 115.23 115.75 116.28
 116.76 117.26 117.76 118.28 118.75 119.25 119.75 120.28 120.76 121.26
 121.78 122.28 122.74 123.25 123.74 124.24 124.7  125.23 125.73 126.25
 126.77 127.26 127.78 128.27 128.78 129.27 129.75 130.25 130.75 131.28
 131.75 132.28 132.76 133.25 133.75 134.22 134.72 135.21 135.71 136.24
 136.74 137.23 137.73 138.24 138.73 139.21 139.71 140.23 140.73 141.22
 141.74 142.22 142.71 143.22 143.71 144.24 144.73 145.23 145.74 146.25
 146.75 147.26 147.75 148.27 148.75 149.25 149.72 150.23 150.74 151.23
 151.74 152.23 152.74 153.21 153.74 154.21 154.72 155.21 155.74 156.24
 156.74 157.24 157.74 158.21 158.72 159.24 159.71 160.22 160.74 161.24
 161.73 162.21 162.71 163.21 163.74 164.21 164.72 165.23 165.71 166.21
 166.71 167.24 167.73 168.24 168.74 169.24 169.73 170.22 170.71 171.24
 171.73 172.24 172.74 173.21 173.73 174.23 174.71 175.22 175.74 176.21
 176.73 177.24 177.72 178.22 178.74 179.24 179.71 180.24 180.72 181.24
 181.71 182.22 182.73 183.24 183.74 184.24 184.74 185.24 185.74 186.21
 186.74 187.21 187.71 188.21 188.73 189.24 189.71 190.22 190.73 191.21
 191.73 192.24 192.76 193.25 193.75 194.24 194.76 195.23 195.74 196.27
 196.79 197.28 197.81 198.29 198.8  199.31 199.77 200.27 200.78 201.25
 201.76 202.23 202.72 203.21 203.72 204.22 204.76 205.25 205.76 206.26
 206.73 207.26 207.74 208.25 208.73 209.23 209.77 210.28 210.78 211.27
 211.81 212.31 212.8  213.3  213.78 214.3  214.78 215.31 215.8  216.3
 216.78 217.28 217.81 218.28 218.84 219.37 219.95 220.5  221.02 221.64
 222.23 222.82 223.41 223.97 224.58 225.19 225.81 226.44 227.05 227.7
 228.32 228.93 229.53 230.15 230.8  231.39 232.03 232.66 233.26 233.84
 234.43 235.06 235.68 236.29 236.9  237.52 238.2  238.87 239.52 240.15
 240.84 241.47 242.14 242.82 243.49 244.15 244.79 245.46]
downbeats[  2.44   4.96   7.51  10.01  12.5   14.96  17.34  19.91  22.57  25.18
  27.66  30.04  32.26  34.26  36.24  38.22  40.23  42.24  44.24  46.23
  48.25  50.27  52.22  54.24  56.24  58.24  60.22  62.24  64.25  66.26
  68.26  70.25  72.23  74.23  76.25  78.22  80.22  82.24  84.25  86.23
  88.25  90.23  92.23  94.22  96.24  98.22 100.26 102.23 104.23 106.23
 108.25 110.23 112.24 114.25 116.28 118.28 120.28 122.28 124.24 126.25
 128.27 130.25 132.28 134.22 136.24 138.24 140.23 142.22 144.24 146.25
 148.27 150.23 152.23 154.21 156.24 158.21 160.22 162.21 164.21 166.21
 168.24 170.22 172.24 174.23 176.21 178.22 180.24 182.22 184.24 186.21
 188.21 190.22 192.24 194.24 196.27 198.29 200.27 202.23 204.22 206.26
 208.25 210.28 212.31 214.3  216.3  218.28 220.5  222.82 225.19 227.7
 230.15 232.66 235.06 237.52 240.15 242.82 245.46]